﻿drugAEffect,drugBeffect,interaction,drugAconceptId,drugAname,drugBconceptId,drugBName,outcomeName,otherDrugsInClassOfaConceptIds,otherDrugsInClassOfbConceptIds
no effect,no effect,no effect,1308216,lisinopril,1307046,metoprolol,GI bleeding,1335471;1340128;1341927;1363749;1310756;1373225;1331235;1334456;1342439,1319998;1314002;1322081;1338005;1346823;1386957;1313200;1314577;1327978;1345858;1353766
effect,no effect,no effect,1308216,lisinopril,1307046,metoprolol,angioedema,1335471;1340128;1341927;1363749;1310756;1373225;1331235;1334456;1342439,1319998;1314002;1322081;1338005;1346823;1386957;1313200;1314577;1327978;1345858;1353766
effect,effect,multiplicative effect,1308216,lisinopril,19034726,sirolimus,angioedema,1335471;1340128;1341927;1363749;1310756;1373225;1331235;1334456;1342439,950637;915935
effect,effect,multiplicative effect,1308216,lisinopril,1580747,sitagliptin,angioedema,1335471;1340128;1341927;1363749;1310756;1373225;1331235;1334456;1342439,19122137;40166035;40239216;43013884
effect,no effect,no effect,1310149,warfarin,1308216,lisinopril,GI bleeding,21234717;19024063,1335471;1340128;1341927;1363749;1310756;1373225;1331235;1334456;1342439
no effect,effect,no effect,1310149,warfarin,1308216,lisinopril,angioedema,21234717;19024063,1335471;1340128;1341927;1363749;1310756;1373225;1331235;1334456;1342439
effect,no effect,multiplicitive effect,1310149,warfarin,1309944,amiodarone,GI bleeding,21234717;19024063,40163615
effect,effect,additive effect,1322184,clopidogrel,1136980,ketorolac,GI bleeding,40480120,909795;964407;1036636;1102917;1103374;1112807;1113648;1115008;1118045;1118084;1124300;1135710;1137460;1139179;1146810;1150345;1153928;1156378;1168079;1177480;1178663;1180182;1185922;1189754;1195492;1197736;1236607;1592815;2100489;19003570;19003691;19011355;19018431;19018512;19019023;19019620;19025925;19029327;19029393;19029398;19032724;19036391;19039703;19041220;19042155;19046454;19049709;19054931;19056115;19056645;19056874;19059506;19069104;19069191;19069425;19071933;19071936;19072129;19072151;19072152;19082874;19086910;19095561;19095703;19096546;19099129;19100761;19102108;19110711;19125097;19133329;19135796;19136654;35197997;35198066;35891918;36256128;36878856;37493804;40168262;40798610;40798646;40798832;40798896;40798911;40799029;40799073;42709328;43009007;43009012;43009072
effect,effect,multiplicitive effect,1310149,warfarin,1136980,ketorolac,GI bleedin,21234717;19024063,909795;964407;1036636;1102917;1103374;1112807;1113648;1115008;1118045;1118084;1124300;1135710;1137460;1139179;1146810;1150345;1153928;1156378;1168079;1177480;1178663;1180182;1185922;1189754;1195492;1197736;1236607;1592815;2100489;19003570;19003691;19011355;19018431;19018512;19019023;19019620;19025925;19029327;19029393;19029398;19032724;19036391;19039703;19041220;19042155;19046454;19049709;19054931;19056115;19056645;19056874;19059506;19069104;19069191;19069425;19071933;19071936;19072129;19072151;19072152;19082874;19086910;19095561;19095703;19096546;19099129;19100761;19102108;19110711;19125097;19133329;19135796;19136654;35197997;35198066;35891918;36256128;36878856;37493804;40168262;40798610;40798646;40798832;40798896;40798911;40799029;40799073;42709328;43009007;43009012;43009072